x y
1.0 1193.5999999999997
2.0 1365.7809523809524
3.0 1325.0761904761903
4.0 1312.4285714285713
5.0 1329.104761904762
6.0 1334.9904761904766
7.0 1326.0666666666668
8.0 1308.2571428571428
9.0 1296.7333333333336
10.0 1285.4857142857143
11.0 1279.4476190476191
12.0 1280.6857142857143
13.0 1273.580952380952
14.0 1270.6
15.0 1284.790476190476
16.0 1270.561904761905
17.0 1275.580952380953
18.0 1271.4000000000003
19.0 1270.3238095238096
20.0 1274.2666666666664
21.0 1263.7142857142862
22.0 1269.8190476190475
23.0 1263.4190476190477
24.0 1267.0857142857142
25.0 1266.104761904762
26.0 1270.666666666667
27.0 1264.542857142857
28.0 1277.2190476190476
29.0 1272.647619047619
30.0 1269.0666666666666
31.0 1270.4571428571426
32.0 1263.847619047619
33.0 1269.857142857143
34.0 1261.4952380952382
35.0 1266.304761904762
36.0 1258.8666666666666
37.0 1263.3238095238098
38.0 1260.2952380952381
39.0 1259.2285714285717
40.0 1262.2476190476189
41.0 1260.0571428571432
42.0 1260.3809523809527
43.0 1265.3238095238098
44.0 1273.0190476190473
45.0 1277.457142857143
46.0 1276.142857142857
47.0 1281.0857142857142
48.0 1285.7714285714287
49.0 1292.6857142857145
50.0 1293.342857142857
51.0 1288.4
52.0 1286.5238095238096
53.0 1284.5428571428572
54.0 1275.447619047619
55.0 1274.5238095238094
56.0 1268.2857142857144
57.0 1273.2380952380954
58.0 1271.3714285714286
59.0 1275.27619047619
60.0 1283.3238095238098
61.0 1285.4761904761906
62.0 1288.8190476190478
63.0 1286.247619047619
64.0 1283.219047619048
65.0 1280.7809523809522
66.0 1274.5047619047618
67.0 1268.7809523809526
68.0 1273.714285714286
69.0 1271.8095238095236
70.0 1269.0285714285712
71.0 1267.1714285714284
72.0 1255.9714285714279
73.0 1272.209523809524
74.0 1265.4
75.0 1271.9523809523807
76.0 1265.838095238095
77.0 1265.3619047619047
78.0 1273.104761904762
79.0 1267.2190476190476
80.0 1262.4
81.0 1263.7523809523811
82.0 1260.5999999999997
83.0 1265.0000000000002
84.0 1253.2
85.0 1251.0380952380954
86.0 1255.6666666666665
87.0 1251.6476190476187
88.0 1251.9999999999998
89.0 1254.4571428571426
90.0 1255.4571428571423
91.0 1258.8285714285712
92.0 1256.238095238095
93.0 1258.990476190476
94.0 1255.057142857143
95.0 1260.5714285714284
96.0 1259.771428571429
97.0 1259.6952380952384
98.0 1261.6
99.0 1258.0190476190473
100.0 1261.847619047619
101.0 1263.8761904761905
102.0 1260.9238095238095
103.0 1258.6095238095234
104.0 1268.9047619047622
105.0 1263.971428571428
106.0 1259.095238095238
107.0 1264.3047619047622
108.0 1263.4666666666665
109.0 1267.2761904761905
110.0 1263.3238095238094
111.0 1260.8095238095248
112.0 1262.67619047619
113.0 1261.1142857142859
114.0 1262.9809523809527
115.0 1262.7999999999997
116.0 1263.2761904761905
117.0 1265.7142857142862
118.0 1259.47619047619
119.0 1265.590476190476
120.0 1260.5904761904762
121.0 1262.9809523809522
122.0 1266.0095238095237
123.0 1253.1238095238098
124.0 1272.6380952380953
125.0 1260.2095238095244
126.0 1266.847619047619
127.0 1266.1047619047617
128.0 1263.5523809523809
129.0 1265.5809523809523
130.0 1264.4761904761904
131.0 1269.619047619048
132.0 1263.161904761905
133.0 1264.0952380952378
134.0 1268.0666666666666
135.0 1274.057142857143
136.0 1264.990476190476
137.0 1273.2476190476189
138.0 1267.2190476190476
139.0 1273.895238095238
140.0 1275.5238095238096
141.0 1278.057142857143
142.0 1269.7142857142858
143.0 1269.8285714285712
144.0 1273.7238095238092
145.0 1269.5238095238096
146.0 1270.1047619047615
147.0 1278.5999999999997
148.0 1267.4095238095238
149.0 1268.5619047619043
150.0 1265.447619047619
151.0 1271.180952380952
152.0 1268.6571428571433
153.0 1277.247619047619
154.0 1279.4285714285713
155.0 1274.1904761904761
156.0 1269.9714285714283
157.0 1278.1809523809527
158.0 1277.1619047619047
159.0 1283.8952380952383
160.0 1277.2095238095242
161.0 1273.895238095238
162.0 1281.6285714285711
163.0 1277.9333333333332
164.0 1283.4
165.0 1277.0952380952378
166.0 1277.2666666666669
167.0 1277.4761904761906
168.0 1285.5523809523809
169.0 1283.704761904762
170.0 1281.9714285714283
171.0 1286.133333333333
172.0 1282.5238095238096
173.0 1282.0095238095237
174.0 1291.3714285714282
175.0 1284.8857142857144
176.0 1287.7047619047619
177.0 1283.7428571428568
178.0 1285.0666666666666
179.0 1286.3999999999999
180.0 1283.590476190476
181.0 1288.7904761904765
182.0 1287.0666666666668
183.0 1289.6190476190473
184.0 1288.0476190476188
185.0 1292.009523809524
186.0 1291.7428571428572
187.0 1291.5904761904765
188.0 1290.5047619047618
189.0 1293.6380952380948
190.0 1298.4476190476191
191.0 1291.152380952381
192.0 1305.4285714285713
193.0 1302.5428571428574
194.0 1302.7619047619046
195.0 1304.5809523809528
196.0 1307.0857142857142
197.0 1308.1142857142854
198.0 1306.1333333333334
199.0 1307.447619047619
200.0 1309.5809523809526
201.0 1309.0857142857144
202.0 1303.4190476190477
203.0 1305.7047619047617
204.0 1315.952380952381
205.0 1318.7619047619048
206.0 1330.247619047619
207.0 1337.6857142857148
208.0 1342.514285714286
209.0 1337.8571428571433
210.0 1337.6761904761904
211.0 1333.5809523809523
212.0 1333.5714285714282
213.0 1325.247619047619
214.0 1320.1714285714284
215.0 1326.5523809523806
216.0 1323.6666666666667
217.0 1329.5333333333338
218.0 1323.7999999999995
219.0 1332.085714285714
220.0 1336.657142857143
221.0 1343.552380952381
222.0 1349.6857142857143
223.0 1359.8190476190478
224.0 1359.2380952380954
225.0 1353.095238095238
226.0 1340.409523809524
227.0 1341.9047619047617
228.0 1335.209523809524
229.0 1336.4857142857145
230.0 1331.7428571428568
231.0 1329.0571428571432
232.0 1328.4095238095235
233.0 1331.0476190476195
234.0 1322.4380952380952
235.0 1334.3523809523813
236.0 1336.2857142857144
237.0 1328.9142857142858
238.0 1325.1809523809527
239.0 1319.7333333333331
240.0 1316.2000000000003
241.0 1314.0857142857142
242.0 1298.1904761904764
243.0 1300.8857142857144
244.0 1301.0380952380951
245.0 1304.142857142857
246.0 1302.6571428571426
247.0 1300.6095238095238
248.0 1289.5333333333335
249.0 1298.8952380952383
250.0 1290.5523809523809
251.0 1292.2571428571425
252.0 1286.6000000000001
253.0 1296.314285714286
254.0 1288.0190476190471
255.0 1287.3809523809525
256.0 1279.2095238095235
257.0 1290.485714285714
258.0 1290.7619047619046
259.0 1292.2285714285715
260.0 1287.438095238095
261.0 1291.9809523809527
262.0 1293.933333333333
263.0 1293.0095238095237
264.0 1289.028571428572
265.0 1281.8190476190482
266.0 1286.2571428571428
267.0 1283.695238095238
268.0 1280.704761904762
269.0 1284.2857142857142
270.0 1284.4952380952382
271.0 1284.4285714285713
272.0 1278.190476190476
273.0 1285.8380952380953
274.0 1277.2285714285717
275.0 1284.6666666666663
276.0 1287.2095238095244
277.0 1287.2095238095237
278.0 1281.6190476190475
279.0 1268.5999999999997
280.0 1235.4380952380952
281.0 1187.9714285714283
282.0 1155.2
283.0 1162.0476190476193
284.0 1176.1142857142856
285.0 1197.1999999999998
286.0 1209.2285714285715
287.0 1225.0095238095237
288.0 1234.247619047619
289.0 1232.4190476190477
290.0 1230.3809523809525
291.0 1240.8857142857144
292.0 1245.1999999999996
293.0 1249.3523809523808
294.0 1258.2095238095242
295.0 1265.8000000000002
296.0 1261.1333333333332
297.0 1270.561904761905
298.0 1275.6285714285714
299.0 1271.3714285714286
300.0 1274.876190476191
301.0 1272.5428571428574
302.0 1276.9619047619049
303.0 1252.5238095238096
304.0 1255.7428571428572
305.0 1259.8952380952385
306.0 1266.9238095238093
307.0 1260.142857142857
308.0 1250.7142857142858
309.0 1247.209523809524
310.0 1250.7142857142858
311.0 1270.0476190476193
312.0 1267.5619047619045
313.0 1255.5809523809523
314.0 1249.838095238095
315.0 1256.9142857142856
316.0 1275.4285714285713
317.0 1271.4190476190477
318.0 1261.2380952380947
319.0 1249.3714285714284
320.0 1242.9238095238095
321.0 1267.8857142857146
322.0 1282.2666666666669
323.0 1281.3619047619047
324.0 1269.7428571428572
325.0 1260.0285714285721
326.0 1252.7333333333336
327.0 1257.1142857142856
328.0 1278.6285714285711
329.0 1276.4571428571426
330.0 1283.3619047619047
331.0 1271.285714285714
332.0 1261.3904761904764
333.0 1260.285714285714
334.0 1268.2761904761908
335.0 1282.895238095238
336.0 1276.6571428571433
337.0 1277.4666666666667
338.0 1278.3142857142857
339.0 1260.5333333333333
340.0 1264.704761904762
341.0 1266.0761904761903
342.0 1282.0476190476186
343.0 1288.9523809523812
344.0 1285.8761904761907
345.0 1305.619047619048
346.0 1305.3714285714286
347.0 1303.8857142857146
348.0 1314.4857142857138
349.0 1319.8857142857148
350.0 1320.2380952380952
351.0 1308.609523809524
352.0 1305.7333333333336
353.0 1300.2571428571428
354.0 1298.209523809524
355.0 1298.2952380952383
356.0 1299.7619047619046
357.0 1298.9619047619049
358.0 1301.714285714286
359.0 1308.2190476190478
360.0 1315.2857142857138
361.0 1313.1904761904764
362.0 1306.2285714285717
363.0 1291.6095238095236
364.0 1288.009523809524
365.0 1288.0476190476193
366.0 1286.8095238095234
367.0 1287.5238095238094
368.0 1276.7142857142858
369.0 1286.0380952380954
370.0 1282.704761904762
371.0 1285.4476190476191
372.0 1281.9333333333332
373.0 1275.4000000000003
374.0 1275.0285714285717
375.0 1282.4380952380952
376.0 1278.7047619047617
377.0 1279.4285714285713
378.0 1280.857142857143
379.0 1276.2095238095242
380.0 1286.104761904762
381.0 1287.9904761904766
382.0 1284.4857142857145
383.0 1283.9142857142858
384.0 1278.67619047619
385.0 1288.0571428571432
386.0 1283.8952380952383
387.0 1288.0190476190478
388.0 1285.2285714285715
389.0 1286.9142857142858
390.0 1284.3809523809523
391.0 1284.695238095238
392.0 1289.4190476190474
393.0 1283.5523809523809
394.0 1289.6285714285714
395.0 1296.247619047619
396.0 1298.1142857142859
397.0 1305.9904761904759
398.0 1314.4761904761904
399.0 1317.304761904762
400.0 1311.4571428571428
401.0 1318.209523809524
402.0 1314.3333333333335
403.0 1305.7619047619046
404.0 1296.7809523809522
405.0 1300.7238095238097
406.0 1294.409523809524
407.0 1305.7714285714287
408.0 1301.9142857142854
409.0 1304.0000000000002
410.0 1304.5238095238096
411.0 1306.5238095238099
412.0 1302.8761904761902
413.0 1307.1904761904761
414.0 1306.5523809523809
415.0 1303.409523809524
416.0 1297.1619047619047
417.0 1288.6190476190477
418.0 1297.314285714286
419.0 1293.4571428571428
420.0 1290.428571428571
421.0 1299.2952380952381
422.0 1296.704761904762
423.0 1294.1904761904761
424.0 1292.8571428571424
425.0 1291.0857142857144
426.0 1284.609523809524
427.0 1299.3428571428567
428.0 1291.561904761905
429.0 1295.9333333333336
430.0 1282.8952380952383
431.0 1292.6666666666665
432.0 1295.1047619047622
433.0 1302.571428571429
434.0 1299.8571428571433
435.0 1302.4000000000003
436.0 1308.4476190476194
437.0 1311.0857142857142
438.0 1312.7523809523814
439.0 1314.333333333333
440.0 1324.8380952380953
441.0 1317.971428571429
442.0 1317.7142857142858
443.0 1320.847619047619
444.0 1313.2952380952383
445.0 1318.6190476190477
446.0 1311.3142857142855
447.0 1309.5523809523809
448.0 1307.7714285714283
449.0 1314.466666666667
450.0 1311.990476190476
451.0 1330.4285714285713
452.0 1314.1809523809522
453.0 1313.2190476190476
454.0 1317.6285714285714
455.0 1316.5047619047618
456.0 1314.3333333333333
457.0 1307.7999999999997
458.0 1306.27619047619
459.0 1312.7809523809528
460.0 1307.6857142857143
461.0 1310.4190476190474
462.0 1317.8761904761905
463.0 1332.1523809523812
464.0 1337.3809523809523
465.0 1329.7428571428572
466.0 1337.0571428571425
467.0 1334.8666666666663
468.0 1322.5714285714282
469.0 1320.5619047619045
470.0 1322.7714285714283
471.0 1320.047619047619
472.0 1313.6190476190475
473.0 1320.0761904761903
474.0 1322.3809523809525
475.0 1320.9809523809524
476.0 1324.752380952381
477.0 1322.7428571428572
478.0 1320.27619047619
479.0 1318.0476190476193
480.0 1316.3238095238096
481.0 1299.428571428571
482.0 1304.209523809524
483.0 1295.1238095238095
484.0 1289.6190476190473
485.0 1288.7428571428572
486.0 1289.8000000000002
487.0 1288.0952380952378
488.0 1291.866666666667
489.0 1289.571428571429
490.0 1289.4
491.0 1290.3238095238094
492.0 1287.0285714285715
493.0 1290.6095238095238
494.0 1287.6952380952382
495.0 1279.1904761904761
496.0 1294.0476190476193
497.0 1277.5523809523806
498.0 1283.9904761904766
499.0 1290.4380952380952
500.0 1276.619047619048
501.0 1293.3904761904764
502.0 1280.5238095238092
503.0 1287.6
504.0 1281.619047619048
505.0 1287.4571428571428
506.0 1285.485714285714
507.0 1287.5142857142855
508.0 1282.723809523809
509.0 1285.4
510.0 1283.8380952380953
511.0 1283.5904761904762
512.0 1282.1047619047617
513.0 1280.0000000000005
514.0 1282.5714285714287
515.0 1280.3047619047616
516.0 1284.2666666666669
517.0 1284.9904761904763
518.0 1286.142857142857
519.0 1296.6285714285716
520.0 1294.561904761905
521.0 1301.6
522.0 1297.3238095238094
523.0 1298.5333333333335
524.0 1293.4190476190477
525.0 1290.609523809524
526.0 1289.5809523809528
527.0 1288.7047619047619
528.0 1284.0285714285712
529.0 1288.9714285714285
530.0 1280.6380952380948
531.0 1286.5523809523809
532.0 1282.9809523809524
533.0 1282.790476190476
534.0 1286.1428571428573
535.0 1285.2095238095242
536.0 1286.4476190476187
537.0 1279.8666666666663
538.0 1271.5238095238096
539.0 1277.4190476190477
540.0 1267.72380952381
541.0 1263.9238095238095
542.0 1264.7238095238095
543.0 1272.5999999999997
544.0 1260.4476190476187
545.0 1271.2190476190478
546.0 1274.8285714285714
547.0 1271.3714285714289
548.0 1271.5714285714282
549.0 1286.1047619047615
550.0 1278.2476190476189
551.0 1282.4190476190477
552.0 1282.1619047619047
553.0 1270.4857142857138
554.0 1270.2857142857138
555.0 1277.295238095238
556.0 1270.1523809523808
557.0 1271.8285714285714
558.0 1273.257142857143
559.0 1268.8666666666666
560.0 1272.752380952381
561.0 1278.2285714285713
562.0 1278.304761904762
563.0 1275.3809523809525
564.0 1269.0857142857142
565.0 1274.4190476190477
566.0 1269.2666666666667
567.0 1266.0190476190478
568.0 1264.2666666666669
569.0 1263.485714285714
570.0 1256.6571428571428
571.0 1268.8285714285714
572.0 1258.8857142857146
573.0 1268.8666666666663
574.0 1259.2761904761905
575.0 1257.2857142857142
576.0 1256.9714285714285
577.0 1257.142857142857
578.0 1249.5142857142857
579.0 1255.4476190476194
580.0 1252.4952380952384
581.0 1262.3333333333333
582.0 1254.6571428571426
583.0 1249.2190476190478
584.0 1253.7999999999997
585.0 1251.8666666666663
586.0 1263.8
587.0 1271.1333333333332
588.0 1267.0476190476195
589.0 1280.1428571428573
590.0 1292.9238095238095
591.0 1292.9714285714283
592.0 1290.2761904761905
593.0 1285.8476190476192
594.0 1269.0380952380951
595.0 1268.4285714285713
596.0 1268.8000000000002
597.0 1267.2476190476193
598.0 1259.5333333333335
599.0 1257.9999999999998
600.0 1260.1809523809527
601.0 1255.4761904761906
602.0 1251.8095238095236
603.0 1258.2476190476193
604.0 1257.2190476190478
605.0 1263.0095238095241
606.0 1263.6666666666665
607.0 1247.142857142857
608.0 1241.9333333333332
609.0 1232.5523809523806
610.0 1227.9238095238095
611.0 1230.0190476190476
612.0 1224.8190476190478
613.0 1229.5809523809523
614.0 1216.3619047619052
615.0 1219.2476190476186
616.0 1222.4666666666667
617.0 1225.0
618.0 1217.8095238095239
619.0 1213.9619047619046
620.0 1211.0190476190476
621.0 1213.619047619048
622.0 1221.4571428571428
623.0 1223.7904761904765
624.0 1218.8095238095234
625.0 1206.590476190476
626.0 1203.4000000000003
627.0 1218.4952380952382
628.0 1211.6285714285711
629.0 1192.7428571428572
630.0 1163.4000000000003
631.0 1171.9809523809524
632.0 1197.1904761904761
633.0 1209.2380952380954
634.0 1217.0666666666668
635.0 1222.3904761904766
636.0 1218.7809523809524
637.0 1203.247619047619
638.0 1197.4000000000003
639.0 1213.4857142857145
640.0 1220.333333333333
641.0 1232.1142857142852
642.0 1223.8761904761902
643.0 1208.5047619047618
644.0 1192.0095238095241
645.0 1186.0476190476193
646.0 1207.0952380952378
647.0 1219.7904761904763
648.0 1223.6666666666672
649.0 1230.2666666666664
650.0 1231.6380952380955
651.0 1240.4666666666667
652.0 1240.9333333333334
653.0 1248.3809523809523
654.0 1252.0952380952378
655.0 1244.3333333333337
656.0 1234.133333333334
657.0 1232.485714285714
658.0 1237.704761904762
659.0 1240.1619047619047
660.0 1234.4857142857147
661.0 1228.1809523809522
662.0 1232.352380952381
663.0 1237.3619047619047
664.0 1248.419047619048
665.0 1234.8190476190478
666.0 1224.838095238095
667.0 1228.409523809524
668.0 1237.5714285714287
669.0 1236.9809523809524
670.0 1240.4761904761904
671.0 1242.8666666666668
672.0 1247.0095238095237
673.0 1246.8095238095239
674.0 1242.2190476190478
675.0 1241.5142857142857
676.0 1236.3428571428574
677.0 1241.3619047619052
678.0 1240.3809523809523
679.0 1240.828571428571
680.0 1235.2857142857142
681.0 1235.9142857142856
682.0 1241.1904761904761
683.0 1241.3809523809523
684.0 1241.4
685.0 1245.3714285714284
686.0 1243.0666666666668
687.0 1235.9047619047617
688.0 1233.8285714285716
689.0 1237.6285714285716
690.0 1248.5238095238096
691.0 1256.6952380952378
692.0 1256.6761904761906
693.0 1255.0761904761905
694.0 1251.7904761904765
695.0 1270.0761904761905
696.0 1279.0857142857142
697.0 1275.2380952380954
698.0 1258.3523809523808
699.0 1238.285714285714
700.0 1235.9142857142858
701.0 1221.2285714285715
702.0 1202.752380952381
703.0 1203.5904761904762
704.0 1229.1714285714284
705.0 1253.4952380952382
706.0 1251.8952380952383
707.0 1255.8666666666666
708.0 1263.295238095238
709.0 1276.1619047619045
710.0 1287.0857142857146
711.0 1274.6761904761904
712.0 1268.1523809523808
713.0 1259.6857142857145
714.0 1250.552380952381
715.0 1236.8571428571433
716.0 1249.9714285714288
717.0 1255.9047619047615
718.0 1255.2571428571428
719.0 1264.4952380952377
720.0 1264.5333333333335
721.0 1263.5619047619048
722.0 1258.5809523809523
723.0 1265.3333333333335
724.0 1268.0476190476195
725.0 1269.6476190476192
726.0 1266.695238095238
727.0 1266.6380952380953
728.0 1266.6380952380953
729.0 1258.8571428571427
730.0 1251.7428571428572
731.0 1259.6095238095238
732.0 1258.4476190476191
733.0 1257.5809523809523
734.0 1259.72380952381
735.0 1274.9619047619053
736.0 1276.1809523809522
737.0 1274.4761904761904
738.0 1276.4476190476187
739.0 1284.9809523809522
740.0 1285.5047619047618
741.0 1290.4476190476187
742.0 1292.4380952380955
743.0 1296.4761904761906
744.0 1295.4285714285713
745.0 1301.257142857143
746.0 1299.3904761904755
747.0 1300.352380952381
748.0 1288.5619047619045
749.0 1291.7904761904763
750.0 1286.4761904761904
751.0 1290.6761904761909
752.0 1310.5714285714287
753.0 1318.561904761905
754.0 1316.5238095238096
755.0 1328.9619047619046
756.0 1327.1238095238095
757.0 1325.8761904761905
758.0 1314.571428571429
759.0 1331.3142857142861
760.0 1354.3809523809523
761.0 1365.8666666666663
762.0 1384.6952380952382
763.0 1396.809523809524
764.0 1390.5333333333335
765.0 1398.5809523809523
766.0 1404.1999999999996
767.0 1450.647619047619
768.0 1481.9809523809522
769.0 1536.1238095238095
770.0 1592.0666666666668
771.0 1662.0666666666666
772.0 1733.8952380952383
773.0 1808.685714285714
774.0 1921.638095238095
775.0 2050.9809523809517
776.0 2182.342857142857
777.0 2315.1904761904766
778.0 2448.999999999999
779.0 2558.6000000000004
780.0 2634.057142857144
781.0 2675.419047619049
782.0 2631.55238095238
783.0 2568.0952380952376
784.0 2517.9714285714285
785.0 2459.5142857142864
786.0 2437.8000000000006
787.0 2449.571428571428
788.0 2434.0761904761903
789.0 2380.571428571429
790.0 2304.0666666666666
791.0 2231.0666666666666
792.0 2146.095238095238
793.0 2027.3047619047625
794.0 1911.1999999999996
795.0 1810.6761904761906
796.0 1732.4
797.0 1661.4476190476191
798.0 1591.9333333333332
799.0 1521.2380952380952
800.0 1479.5333333333335
801.0 1460.0095238095237
802.0 1426.1619047619045
803.0 1399.6285714285716
804.0 1371.6190476190475
805.0 1355.0380952380954
806.0 1364.3809523809527
807.0 1361.6666666666667
808.0 1358.0285714285715
809.0 1350.6380952380953
810.0 1342.9238095238093
811.0 1333.3904761904764
812.0 1328.9333333333332
813.0 1325.1809523809522
814.0 1323.6666666666667
815.0 1311.7999999999997
816.0 1312.5904761904765
817.0 1313.7238095238097
818.0 1308.561904761905
819.0 1310.9428571428573
820.0 1306.590476190476
821.0 1311.8
822.0 1302.4571428571426
823.0 1291.8761904761902
824.0 1289.5714285714284
825.0 1273.8380952380953
826.0 1280.904761904762
827.0 1291.1714285714288
828.0 1288.0761904761903
829.0 1290.247619047619
830.0 1290.0952380952378
831.0 1290.7523809523811
832.0 1294.4952380952382
833.0 1280.6666666666672
834.0 1281.0095238095237
835.0 1279.780952380952
836.0 1287.0666666666668
837.0 1276.1333333333334
838.0 1266.9428571428573
839.0 1271.4095238095238
840.0 1269.3238095238096
841.0 1284.8761904761907
842.0 1272.8380952380955
843.0 1269.8666666666663
844.0 1271.790476190476
845.0 1269.3428571428574
846.0 1268.714285714286
847.0 1262.485714285714
848.0 1260.2857142857142
849.0 1261.2380952380952
850.0 1260.1238095238095
851.0 1261.8761904761902
852.0 1258.2190476190478
853.0 1258.152380952381
854.0 1265.0285714285717
855.0 1256.3714285714289
856.0 1260.409523809524
857.0 1254.9904761904766
858.0 1249.9904761904763
859.0 1257.3809523809525
860.0 1250.5142857142857
861.0 1244.009523809524
862.0 1242.7809523809528
863.0 1245.0571428571427
864.0 1244.6476190476192
865.0 1248.4380952380952
866.0 1240.1333333333332
867.0 1250.2095238095237
868.0 1240.7428571428572
869.0 1236.7619047619046
870.0 1241.8380952380949
871.0 1233.3428571428574
872.0 1224.9523809523805
873.0 1231.047619047619
874.0 1235.7428571428572
875.0 1239.9047619047622
876.0 1235.4476190476187
877.0 1237.3428571428572
878.0 1233.7619047619048
879.0 1234.2380952380954
880.0 1234.8285714285712
881.0 1225.6285714285714
882.0 1236.3714285714284
883.0 1235.2285714285715
884.0 1230.2857142857138
885.0 1229.7333333333336
886.0 1230.4857142857143
887.0 1222.0190476190476
888.0 1227.9142857142858
889.0 1227.3333333333333
890.0 1228.8666666666668
891.0 1231.6095238095234
892.0 1224.752380952381
893.0 1229.8571428571431
894.0 1222.2285714285713
895.0 1220.2476190476189
896.0 1224.0380952380954
897.0 1220.3523809523808
898.0 1214.4476190476191
899.0 1217.942857142857
900.0 1212.7714285714285
901.0 1213.9238095238095
902.0 1217.3047619047618
903.0 1217.9142857142863
904.0 1214.790476190476
905.0 1221.0857142857146
906.0 1216.8857142857144
907.0 1222.6761904761904
908.0 1211.219047619048
909.0 1219.9714285714283
910.0 1209.8285714285716
911.0 1209.72380952381
912.0 1211.542857142857
913.0 1212.590476190476
914.0 1209.5238095238096
915.0 1207.1238095238095
916.0 1201.4952380952384
917.0 1211.5047619047618
918.0 1206.8666666666668
919.0 1210.9619047619049
920.0 1208.7238095238097
921.0 1206.152380952381
922.0 1203.8761904761902
923.0 1201.0190476190483
924.0 1204.9523809523807
925.0 1200.8952380952385
926.0 1202.857142857143
927.0 1196.6476190476192
928.0 1206.3619047619052
929.0 1197.9238095238095
930.0 1199.4857142857136
931.0 1197.9047619047622
932.0 1201.752380952381
933.0 1204.3714285714286
934.0 1200.1047619047615
935.0 1198.047619047619
936.0 1197.7619047619048
937.0 1196.6380952380953
938.0 1197.7428571428572
939.0 1195.4666666666662
940.0 1194.780952380952
941.0 1196.9809523809522
942.0 1199.8857142857144
943.0 1197.6
944.0 1204.4190476190474
945.0 1186.2476190476186
946.0 1191.8952380952383
947.0 1192.1428571428567
948.0 1187.3428571428576
949.0 1187.5809523809523
950.0 1197.6857142857145
951.0 1188.9238095238095
952.0 1187.4666666666667
953.0 1190.161904761905
954.0 1190.6380952380953
955.0 1192.790476190477
956.0 1187.6666666666667
957.0 1189.9428571428575
958.0 1188.580952380952
959.0 1193.2380952380952
960.0 1186.0190476190478
961.0 1191.3619047619045
962.0 1186.361904761905
963.0 1182.3809523809523
964.0 1187.123809523809
965.0 1186.7904761904765
966.0 1189.0952380952378
967.0 1183.2952380952383
968.0 1184.8095238095243
969.0 1175.4666666666667
970.0 1174.8000000000002
971.0 1173.990476190476
972.0 1172.5238095238094
973.0 1177.0380952380956
974.0 1177.6
975.0 1168.1999999999998
976.0 1170.2761904761903
977.0 1174.6285714285714
978.0 1185.4000000000003
979.0 1199.2571428571425
980.0 1208.695238095238
981.0 1228.8476190476192
982.0 1234.5047619047623
983.0 1228.5714285714284
984.0 1212.2095238095242
985.0 1195.847619047619
986.0 1189.8857142857144
987.0 1180.5142857142855
988.0 1176.7523809523805
989.0 1182.2380952380952
990.0 1176.7619047619046
991.0 1175.0095238095237
992.0 1175.0
993.0 1181.742857142857
994.0 1172.6857142857139
995.0 1178.495238095238
996.0 1176.1714285714288
997.0 1173.752380952381
998.0 1170.6857142857143
999.0 1164.6952380952387
1000.0 1167.2190476190474
1001.0 1169.0476190476193
1002.0 1163.2476190476189
1003.0 1171.3142857142852
1004.0 1171.5047619047618
1005.0 1170.9238095238095
1006.0 1176.5904761904762
1007.0 1177.8380952380953
1008.0 1175.4761904761904
1009.0 1176.1619047619047
1010.0 1177.7428571428572
1011.0 1173.6190476190477
1012.0 1172.4952380952386
1013.0 1175.6571428571428
1014.0 1175.142857142857
1015.0 1173.8285714285714
1016.0 1172.5428571428574
1017.0 1176.742857142857
1018.0 1180.7714285714283
1019.0 1177.9619047619044
1020.0 1176.8095238095236
1021.0 1174.7428571428572
1022.0 1171.542857142857
1023.0 1171.0380952380954
1024.0 1168.3904761904762
1025.0 1176.9238095238095
1026.0 1171.7999999999997
1027.0 1176.4190476190477
1028.0 1175.2571428571425
1029.0 1174.2380952380954
1030.0 1169.8952380952383
1031.0 1181.1047619047622
1032.0 1168.5809523809523
1033.0 1173.2857142857144
1034.0 1175.32380952381
1035.0 1177.2666666666669
1036.0 1172.019047619048
1037.0 1174.5619047619048
1038.0 1173.8761904761907
1039.0 1182.0190476190478
1040.0 1173.9809523809524
1041.0 1176.1904761904761
1042.0 1171.409523809524
1043.0 1169.4761904761904
1044.0 1174.1714285714281
1045.0 1176.1238095238095
1046.0 1172.7142857142858
1047.0 1179.1619047619047
1048.0 1178.114285714286
1049.0 1177.8761904761902
1050.0 1177.0666666666666
1051.0 1171.104761904762
1052.0 1179.4
1053.0 1171.5238095238094
1054.0 1182.2571428571428
1055.0 1177.3619047619047
1056.0 1169.9523809523812
1057.0 1177.1523809523812
1058.0 1172.3619047619045
1059.0 1180.9619047619046
1060.0 1186.1523809523806
1061.0 1172.9333333333334
1062.0 1182.247619047619
1063.0 1177.0380952380954
1064.0 1179.3238095238094
1065.0 1171.6666666666665
1066.0 1175.7999999999997
1067.0 1175.2476190476189
1068.0 1175.9428571428568
1069.0 1177.0857142857142
1070.0 1174.7428571428568
1071.0 1173.7333333333333
1072.0 1178.2095238095237
1073.0 1179.0761904761903
1074.0 1178.752380952381
1075.0 1181.4190476190477
1076.0 1175.6095238095238
1077.0 1186.6
1078.0 1181.0476190476193
1079.0 1181.8476190476192
1080.0 1175.5619047619045
1081.0 1176.5047619047618
1082.0 1176.7238095238095
1083.0 1178.2952380952377
1084.0 1173.4000000000003
1085.0 1176.6476190476192
1086.0 1178.8857142857144
1087.0 1182.857142857143
1088.0 1180.0666666666666
1089.0 1180.695238095238
1090.0 1181.247619047619
1091.0 1182.771428571429
1092.0 1175.0857142857142
1093.0 1189.1904761904757
1094.0 1182.561904761905
1095.0 1181.4666666666667
1096.0 1184.047619047619
1097.0 1189.1714285714286
1098.0 1180.6380952380953
1099.0 1181.5714285714287
1100.0 1174.7428571428572
1101.0 1168.9238095238095
1102.0 1163.6476190476192
1103.0 1161.7047619047619
1104.0 1151.7047619047619
1105.0 1147.1238095238095
1106.0 1151.8285714285712
1107.0 1152.057142857143
1108.0 1146.857142857143
1109.0 1156.4666666666667
1110.0 1151.1428571428576
1111.0 1155.0952380952378
1112.0 1150.7142857142862
1113.0 1154.7809523809526
1114.0 1149.2666666666669
1115.0 1164.3714285714286
1116.0 1160.5047619047623
1117.0 1159.5809523809528
1118.0 1165.333333333333
1119.0 1174.1047619047617
1120.0 1171.009523809524
1121.0 1171.3428571428572
1122.0 1168.704761904762
1123.0 1175.2190476190476
1124.0 1175.6476190476194
1125.0 1167.7238095238097
1126.0 1178.1047619047617
1127.0 1180.0
1128.0 1168.4476190476191
1129.0 1174.0095238095241
1130.0 1170.4857142857138
1131.0 1169.752380952381
1132.0 1166.257142857143
1133.0 1169.0190476190476
1134.0 1169.361904761905
1135.0 1176.6380952380955
1136.0 1178.87619047619
1137.0 1185.3142857142855
1138.0 1180.152380952381
1139.0 1185.1142857142859
1140.0 1184.9333333333332
1141.0 1181.9333333333336
1142.0 1186.266666666667
1143.0 1179.5904761904762
1144.0 1186.504761904762
1145.0 1174.619047619048
1146.0 1187.1714285714288
1147.0 1185.6952380952382
1148.0 1180.2095238095242
1149.0 1181.7428571428572
1150.0 1187.790476190476
1151.0 1186.7809523809526
1152.0 1180.8761904761905
1153.0 1179.9714285714288
1154.0 1179.409523809524
1155.0 1185.5142857142857
1156.0 1176.1904761904764
1157.0 1179.3428571428572
1158.0 1182.4476190476191
1159.0 1181.1619047619047
1160.0 1188.2761904761903
1161.0 1179.2
1162.0 1180.5333333333333
1163.0 1175.5428571428574
1164.0 1181.466666666667
1165.0 1176.8571428571427
1166.0 1174.7142857142858
1167.0 1176.5428571428572
1168.0 1180.9142857142858
1169.0 1180.7238095238095
1170.0 1183.3523809523808
1171.0 1181.1333333333332
1172.0 1185.2857142857142
1173.0 1180.8095238095234
1174.0 1182.2666666666669
1175.0 1176.8380952380955
1176.0 1177.9619047619046
1177.0 1176.1238095238095
1178.0 1179.0952380952385
1179.0 1184.1714285714288
1180.0 1173.8380952380953
1181.0 1180.5142857142855
1182.0 1176.990476190476
1183.0 1184.9047619047617
1184.0 1179.5333333333335
1185.0 1180.161904761905
1186.0 1176.8857142857141
1187.0 1185.0285714285715
1188.0 1178.5523809523809
1189.0 1182.7333333333336
1190.0 1173.7047619047617
1191.0 1176.1714285714286
1192.0 1181.104761904762
1193.0 1186.4190476190477
1194.0 1174.942857142857
1195.0 1181.0190476190476
1196.0 1174.8476190476192
1197.0 1179.6761904761909
1198.0 1183.4571428571428
1199.0 1176.6380952380944
1200.0 1178.095238095238
1201.0 1180.3428571428572
1202.0 1175.9714285714285
1203.0 1180.0666666666666
1204.0 1177.752380952381
1205.0 1180.5904761904762
1206.0 1176.2952380952383
1207.0 1165.0857142857142
1208.0 1175.5428571428572
1209.0 1178.6476190476185
1210.0 1172.8571428571431
1211.0 1168.9904761904759
1212.0 1173.247619047619
1213.0 1174.295238095238
1214.0 1172.6571428571428
1215.0 1178.4190476190477
1216.0 1176.7047619047623
1217.0 1173.1523809523808
1218.0 1176.3238095238094
1219.0 1174.9333333333332
1220.0 1176.1619047619045
1221.0 1166.4000000000003
1222.0 1172.0571428571427
1223.0 1173.9619047619049
1224.0 1171.4380952380952
1225.0 1172.0190476190478
1226.0 1173.2285714285713
1227.0 1174.6380952380953
1228.0 1167.1619047619047
1229.0 1174.771428571429
1230.0 1167.2
1231.0 1170.7333333333336
1232.0 1165.066666666667
1233.0 1167.057142857143
1234.0 1169.0761904761907
1235.0 1167.6190476190473
1236.0 1172.4190476190477
1237.0 1168.2952380952381
1238.0 1165.8666666666666
1239.0 1169.1142857142859
1240.0 1166.485714285714
1241.0 1164.790476190476
1242.0 1161.142857142857
1243.0 1166.6285714285714
1244.0 1160.6285714285716
1245.0 1161.7333333333336
1246.0 1158.1333333333334
1247.0 1157.8571428571427
1248.0 1157.942857142857
1249.0 1162.7904761904763
1250.0 1162.190476190476
1251.0 1154.1809523809525
1252.0 1155.7619047619048
1253.0 1154.5809523809523
1254.0 1157.6761904761904
1255.0 1159.4761904761908
1256.0 1156.2476190476186
1257.0 1156.3333333333335
1258.0 1151.7142857142858
1259.0 1151.6857142857143
1260.0 1152.0761904761907
1261.0 1149.3619047619047
1262.0 1155.4285714285718
1263.0 1148.1523809523808
1264.0 1160.7999999999995
1265.0 1156.2380952380956
1266.0 1152.104761904762
1267.0 1153.2952380952383
1268.0 1149.8571428571427
1269.0 1147.371428571429
1270.0 1154.6380952380953
1271.0 1156.7809523809522
1272.0 1144.2952380952383
1273.0 1144.0476190476195
1274.0 1139.1047619047617
1275.0 1135.3238095238096
1276.0 1147.1619047619045
1277.0 1146.5904761904762
1278.0 1146.5428571428574
1279.0 1141.7333333333336
1280.0 1150.2666666666664
1281.0 1148.2571428571428
1282.0 1145.8
1283.0 1144.3142857142855
1284.0 1138.5047619047623
1285.0 1142.9333333333332
1286.0 1144.2666666666667
1287.0 1144.1714285714286
1288.0 1140.904761904762
1289.0 1147.0190476190478
1290.0 1141.0761904761905
1291.0 1142.8
1292.0 1142.4571428571423
1293.0 1141.0476190476193
1294.0 1144.0380952380954
1295.0 1141.619047619048
1296.0 1136.9238095238095
1297.0 1144.6000000000001
1298.0 1142.0380952380954
1299.0 1138.533333333333
1300.0 1142.5047619047616
1301.0 1137.333333333333
1302.0 1133.1333333333332
1303.0 1142.2857142857144
1304.0 1135.6
1305.0 1136.409523809524
1306.0 1135.752380952381
1307.0 1137.0000000000002
1308.0 1133.2761904761905
1309.0 1134.752380952381
1310.0 1130.8190476190475
1311.0 1128.6190476190473
1312.0 1128.5428571428577
1313.0 1128.3238095238098
1314.0 1119.666666666667
1315.0 1093.5428571428572
1316.0 1036.2095238095237
1317.0 896.504761904762
1318.0 739.4095238095236
1319.0 649.2285714285714
1320.0 633.4095238095238
1321.0 698.2857142857143
1322.0 747.4190476190477
1323.0 763.9619047619047
1324.0 756.6285714285714
1325.0 763.7904761904763
1326.0 793.5238095238096
1327.0 786.1523809523809
1328.0 810.2190476190475
1329.0 834.409523809524
1330.0 830.0190476190477
1331.0 851.0380952380953
1332.0 871.5428571428569
1333.0 898.2761904761904
1334.0 893.9333333333333
1335.0 898.6666666666667
1336.0 945.5619047619047
1337.0 973.4666666666666
1338.0 961.7714285714284
1339.0 966.7809523809525
1340.0 1018.9619047619045
1341.0 1064.0095238095237
1342.0 1096.8761904761907
1343.0 1110.304761904762
1344.0 1093.8857142857141
1345.0 1063.9428571428575
1346.0 1020.0761904761908
1347.0 1005.3809523809523
1348.0 1027.638095238095
1349.0 1005.3142857142859
1350.0 930.1047619047619
1351.0 911.9523809523811
1352.0 938.7619047619047
1353.0 1002.0761904761904
1354.0 1011.4857142857147
1355.0 938.2380952380953
1356.0 886.5523809523809
1357.0 894.1333333333332
1358.0 959.1904761904764
1359.0 1033.4476190476191
1360.0 1019.1619047619042
1361.0 934.9428571428573
1362.0 877.6666666666666
1363.0 885.9333333333334
1364.0 952.485714285714
1365.0 1042.4761904761901
1366.0 1038.7714285714287
1367.0 979.7333333333332
1368.0 901.8857142857142
1369.0 878.4571428571429
1370.0 933.6761904761903
1371.0 1017.1333333333331
1372.0 1072.6666666666667
1373.0 1046.0952380952383
1374.0 984.4095238095243
1375.0 911.8857142857141
1376.0 904.7523809523808
1377.0 964.3809523809524
1378.0 1044.1714285714284
1379.0 1083.552380952381
1380.0 1068.1238095238093
1381.0 1025.695238095238
1382.0 947.1047619047622
1383.0 918.7142857142858
1384.0 948.9428571428574
1385.0 1022.8571428571429
1386.0 1081.27619047619
1387.0 1080.7047619047619
1388.0 1063.3619047619047
1389.0 1017.1619047619047
1390.0 956.9904761904763
1391.0 948.5238095238096
1392.0 993.7428571428574
1393.0 1057.9714285714283
1394.0 1084.4476190476194
1395.0 1091.1428571428573
1396.0 1075.6190476190475
1397.0 1042.3142857142852
1398.0 982.9523809523808
1399.0 963.3333333333335
1400.0 995.1904761904761
1401.0 1050.8476190476192
1402.0 1089.9047619047622
1403.0 1095.104761904762
1404.0 1087.4857142857145
1405.0 1073.4666666666665
1406.0 1036.4571428571428
1407.0 1007.4285714285717
1408.0 1004.8761904761905
1409.0 1035.6761904761904
1410.0 1077.4952380952382
1411.0 1085.2095238095242
1412.0 1089.9523809523807
1413.0 1082.5333333333335
1414.0 1060.3999999999999
1415.0 1038.3523809523808
1416.0 1003.7904761904762
1417.0 1002.0571428571428
1418.0 1035.3523809523808
1419.0 1070.1714285714286
1420.0 1084.8666666666668
1421.0 1085.5142857142855
1422.0 1073.009523809524
1423.0 1079.9333333333332
1424.0 1076.0
1425.0 1039.9142857142856
1426.0 1001.1428571428571
1427.0 992.0571428571428
1428.0 1031.5333333333338
1429.0 1058.7714285714283
1430.0 1056.3238095238094
1431.0 1050.0190476190476
1432.0 1055.4285714285713
1433.0 1051.4761904761904
1434.0 1029.2666666666667
1435.0 1034.2380952380952
1436.0 1044.2666666666667
1437.0 1049.4857142857143
1438.0 1066.104761904762
1439.0 1077.6666666666665
1440.0 1064.0380952380954
1441.0 1035.295238095238
1442.0 1027.095238095238
1443.0 1042.4857142857145
1444.0 1017.8285714285714
1445.0 983.1238095238094
1446.0 977.8380952380953
1447.0 1000.0571428571428
1448.0 1007.4952380952377
1449.0 1012.7714285714286
1450.0 1018.8095238095239
1451.0 1036.0761904761905
1452.0 1028.7714285714285
1453.0 1049.8
1454.0 1076.6380952380953
1455.0 1083.2380952380952
1456.0 1069.6
1457.0 1043.047619047619
1458.0 999.5047619047616
1459.0 988.8380952380953
1460.0 1026.9523809523807
1461.0 1029.2571428571428
1462.0 1039.0761904761905
1463.0 1058.4190476190472
1464.0 1056.895238095238
1465.0 1059.1904761904761
1466.0 1075.6190476190477
1467.0 1073.9714285714285
1468.0 1061.304761904762
1469.0 1043.2380952380954
1470.0 1054.7047619047617
1471.0 1064.6095238095243
1472.0 1058.704761904762
1473.0 1020.1428571428573
1474.0 986.5047619047618
1475.0 1009.352380952381
1476.0 1054.6952380952382
1477.0 1072.3238095238094
1478.0 1055.7333333333333
1479.0 1034.7619047619048
1480.0 1031.2761904761905
1481.0 1038.6095238095238
1482.0 1022.2095238095238
1483.0 1022.1428571428571
1484.0 1056.5333333333333
1485.0 1082.0761904761903
1486.0 1078.3523809523808
1487.0 1069.904761904762
1488.0 1059.247619047619
1489.0 1067.857142857143
1490.0 1073.2190476190478
1491.0 1088.2
1492.0 1081.5809523809523
1493.0 1090.161904761905
1494.0 1086.0000000000002
1495.0 1086.257142857143
1496.0 1085.2380952380952
1497.0 1087.2761904761908
1498.0 1078.6761904761906
1499.0 1065.1047619047617
1500.0 1061.5428571428572
1501.0 1074.1142857142856
1502.0 1084.752380952381
1503.0 1081.333333333333
1504.0 1078.5142857142855
1505.0 1080.409523809524
1506.0 1080.4380952380952
1507.0 1080.8666666666666
1508.0 1076.8952380952378
1509.0 1080.6761904761906
1510.0 1071.4285714285713
1511.0 1049.9619047619046
1512.0 1064.8380952380953
1513.0 1077.3333333333333
1514.0 1076.6285714285716
1515.0 1082.8190476190478
1516.0 1079.0190476190473
1517.0 1073.7428571428575
1518.0 1056.5619047619048
1519.0 1063.4285714285713
1520.0 1076.6666666666667
1521.0 1083.0380952380956
1522.0 1077.4761904761906
1523.0 1074.6952380952382
1524.0 1069.7238095238092
1525.0 1059.7428571428572
1526.0 1043.6666666666665
1527.0 1023.8380952380953
1528.0 1036.2285714285717
1529.0 1053.8571428571431
1530.0 1039.8095238095236
1531.0 1013.3238095238094
1532.0 1020.4952380952382
1533.0 1048.333333333333
1534.0 1057.5714285714287
1535.0 1067.4666666666665
1536.0 915.1809523809524
